
TIME    TEMP   VCCINT   VCCBRAM   VCCAUX   VP     VN    VAUXP[0]   VAUXN[0]   VAUXP[1]   VAUXN[1]   VAUXP[2]   VAUXN[2]   VAUXP[3]   VAUXN[3]   VAUXP[4]   VAUXN[4]   VAUXP[5]   VAUXN[5]   VAUXP[6]   VAUXN[6]   VAUXP[7]   VAUXN[7]   VAUXP[8]   VAUXN[8]   VAUXP[9]   VAUXN[9]   VAUXP[10]   VAUXN[10]   VAUXP[11]   VAUXN[11]   VAUXP[12]   VAUXN[12]   VAUXP[13]   VAUXN[13]   VAUXP[14]   VAUXN[14]   VAUXP[15]   VAUXN[15]
0 63.0  1.02  1.02  1.8  0.50  0.0  0.50  0  0.50  0  0.50  0  0.50  0  0.50  0  0.50  0  0.50  0  0.50  0  0.50  0  0.50  0  0.50  0  0.50  0  0.50  0  0.50  0  0.50  0  0.50  0 //
1040 63.0  1.02  1.02  1.8  0.52  0.0  0.52  0  0.52  0  0.52  0  0.52  0  0.52  0  0.52  0  0.52  0  0.52  0  0.52  0  0.52  0  0.52  0  0.52  0  0.52  0  0.52  0  0.52  0  0.52  0 //
2080 63.0  1.02  1.02  1.8  0.54  0.0  0.54  0  0.54  0  0.54  0  0.54  0  0.54  0  0.54  0  0.54  0  0.54  0  0.54  0  0.54  0  0.54  0  0.54  0  0.54  0  0.54  0  0.54  0  0.54  0 //
3120 63.0  1.02  1.02  1.8  0.56  0.0  0.56  0  0.56  0  0.56  0  0.56  0  0.56  0  0.56  0  0.56  0  0.56  0  0.56  0  0.56  0  0.56  0  0.56  0  0.56  0  0.56  0  0.56  0  0.56  0 //
4160 63.0  1.02  1.02  1.8  0.58  0.0  0.58  0  0.58  0  0.58  0  0.58  0  0.58  0  0.58  0  0.58  0  0.58  0  0.58  0  0.58  0  0.58  0  0.58  0  0.58  0  0.58  0  0.58  0  0.58  0 //
5200 63.0  1.02  1.02  1.8  0.60  0.0  0.60  0  0.60  0  0.60  0  0.60  0  0.60  0  0.60  0  0.60  0  0.60  0  0.60  0  0.60  0  0.60  0  0.60  0  0.60  0  0.60  0  0.60  0  0.60  0 //
6240 63.0  1.02  1.02  1.8  0.62  0.0  0.62  0  0.62  0  0.62  0  0.62  0  0.62  0  0.62  0  0.62  0  0.62  0  0.62  0  0.62  0  0.62  0  0.62  0  0.62  0  0.62  0  0.62  0  0.62  0 //
7280 63.0  1.02  1.02  1.8  0.65  0.0  0.65  0  0.65  0  0.65  0  0.65  0  0.65  0  0.65  0  0.65  0  0.65  0  0.65  0  0.65  0  0.65  0  0.65  0  0.65  0  0.65  0  0.65  0  0.65  0 //
8320 63.0  1.02  1.02  1.8  0.67  0.0  0.67  0  0.67  0  0.67  0  0.67  0  0.67  0  0.67  0  0.67  0  0.67  0  0.67  0  0.67  0  0.67  0  0.67  0  0.67  0  0.67  0  0.67  0  0.67  0 //
9360 63.0  1.02  1.02  1.8  0.69  0.0  0.69  0  0.69  0  0.69  0  0.69  0  0.69  0  0.69  0  0.69  0  0.69  0  0.69  0  0.69  0  0.69  0  0.69  0  0.69  0  0.69  0  0.69  0  0.69  0 //
10400 63.0  1.02  1.02  1.8  0.71  0.0  0.71  0  0.71  0  0.71  0  0.71  0  0.71  0  0.71  0  0.71  0  0.71  0  0.71  0  0.71  0  0.71  0  0.71  0  0.71  0  0.71  0  0.71  0  0.71  0 //
11440 63.0  1.02  1.02  1.8  0.73  0.0  0.73  0  0.73  0  0.73  0  0.73  0  0.73  0  0.73  0  0.73  0  0.73  0  0.73  0  0.73  0  0.73  0  0.73  0  0.73  0  0.73  0  0.73  0  0.73  0 //
12480 63.0  1.02  1.02  1.8  0.75  0.0  0.75  0  0.75  0  0.75  0  0.75  0  0.75  0  0.75  0  0.75  0  0.75  0  0.75  0  0.75  0  0.75  0  0.75  0  0.75  0  0.75  0  0.75  0  0.75  0 //
13520 63.0  1.02  1.02  1.8  0.77  0.0  0.77  0  0.77  0  0.77  0  0.77  0  0.77  0  0.77  0  0.77  0  0.77  0  0.77  0  0.77  0  0.77  0  0.77  0  0.77  0  0.77  0  0.77  0  0.77  0 //
14560 63.0  1.02  1.02  1.8  0.79  0.0  0.79  0  0.79  0  0.79  0  0.79  0  0.79  0  0.79  0  0.79  0  0.79  0  0.79  0  0.79  0  0.79  0  0.79  0  0.79  0  0.79  0  0.79  0  0.79  0 //
15600 63.0  1.02  1.02  1.8  0.81  0.0  0.81  0  0.81  0  0.81  0  0.81  0  0.81  0  0.81  0  0.81  0  0.81  0  0.81  0  0.81  0  0.81  0  0.81  0  0.81  0  0.81  0  0.81  0  0.81  0 //
16640 63.0  1.02  1.02  1.8  0.83  0.0  0.83  0  0.83  0  0.83  0  0.83  0  0.83  0  0.83  0  0.83  0  0.83  0  0.83  0  0.83  0  0.83  0  0.83  0  0.83  0  0.83  0  0.83  0  0.83  0 //
17680 63.0  1.02  1.02  1.8  0.85  0.0  0.85  0  0.85  0  0.85  0  0.85  0  0.85  0  0.85  0  0.85  0  0.85  0  0.85  0  0.85  0  0.85  0  0.85  0  0.85  0  0.85  0  0.85  0  0.85  0 //
18720 63.0  1.02  1.02  1.8  0.87  0.0  0.87  0  0.87  0  0.87  0  0.87  0  0.87  0  0.87  0  0.87  0  0.87  0  0.87  0  0.87  0  0.87  0  0.87  0  0.87  0  0.87  0  0.87  0  0.87  0 //
19760 63.0  1.02  1.02  1.8  0.90  0.0  0.90  0  0.90  0  0.90  0  0.90  0  0.90  0  0.90  0  0.90  0  0.90  0  0.90  0  0.90  0  0.90  0  0.90  0  0.90  0  0.90  0  0.90  0  0.90  0 //
20800 63.0  1.02  1.02  1.8  0.92  0.0  0.92  0  0.92  0  0.92  0  0.92  0  0.92  0  0.92  0  0.92  0  0.92  0  0.92  0  0.92  0  0.92  0  0.92  0  0.92  0  0.92  0  0.92  0  0.92  0 //
21840 63.0  1.02  1.02  1.8  0.94  0.0  0.94  0  0.94  0  0.94  0  0.94  0  0.94  0  0.94  0  0.94  0  0.94  0  0.94  0  0.94  0  0.94  0  0.94  0  0.94  0  0.94  0  0.94  0  0.94  0 //
22880 63.0  1.02  1.02  1.8  0.96  0.0  0.96  0  0.96  0  0.96  0  0.96  0  0.96  0  0.96  0  0.96  0  0.96  0  0.96  0  0.96  0  0.96  0  0.96  0  0.96  0  0.96  0  0.96  0  0.96  0 //
23920 63.0  1.02  1.02  1.8  0.98  0.0  0.98  0  0.98  0  0.98  0  0.98  0  0.98  0  0.98  0  0.98  0  0.98  0  0.98  0  0.98  0  0.98  0  0.98  0  0.98  0  0.98  0  0.98  0  0.98  0 //
24960 63.0  1.02  1.02  1.8  1.00  0.0  1.00  0  1.00  0  1.00  0  1.00  0  1.00  0  1.00  0  1.00  0  1.00  0  1.00  0  1.00  0  1.00  0  1.00  0  1.00  0  1.00  0  1.00  0  1.00  0 //
26000 63.0  1.02  1.02  1.8  0.98  0.0  0.98  0  0.98  0  0.98  0  0.98  0  0.98  0  0.98  0  0.98  0  0.98  0  0.98  0  0.98  0  0.98  0  0.98  0  0.98  0  0.98  0  0.98  0  0.98  0 //
27040 63.0  1.02  1.02  1.8  0.96  0.0  0.96  0  0.96  0  0.96  0  0.96  0  0.96  0  0.96  0  0.96  0  0.96  0  0.96  0  0.96  0  0.96  0  0.96  0  0.96  0  0.96  0  0.96  0  0.96  0 //
28080 63.0  1.02  1.02  1.8  0.94  0.0  0.94  0  0.94  0  0.94  0  0.94  0  0.94  0  0.94  0  0.94  0  0.94  0  0.94  0  0.94  0  0.94  0  0.94  0  0.94  0  0.94  0  0.94  0  0.94  0 //
29120 63.0  1.02  1.02  1.8  0.92  0.0  0.92  0  0.92  0  0.92  0  0.92  0  0.92  0  0.92  0  0.92  0  0.92  0  0.92  0  0.92  0  0.92  0  0.92  0  0.92  0  0.92  0  0.92  0  0.92  0 //
30160 63.0  1.02  1.02  1.8  0.90  0.0  0.90  0  0.90  0  0.90  0  0.90  0  0.90  0  0.90  0  0.90  0  0.90  0  0.90  0  0.90  0  0.90  0  0.90  0  0.90  0  0.90  0  0.90  0  0.90  0 //
31200 63.0  1.02  1.02  1.8  0.88  0.0  0.88  0  0.88  0  0.88  0  0.88  0  0.88  0  0.88  0  0.88  0  0.88  0  0.88  0  0.88  0  0.88  0  0.88  0  0.88  0  0.88  0  0.88  0  0.88  0 //
32240 63.0  1.02  1.02  1.8  0.86  0.0  0.86  0  0.86  0  0.86  0  0.86  0  0.86  0  0.86  0  0.86  0  0.86  0  0.86  0  0.86  0  0.86  0  0.86  0  0.86  0  0.86  0  0.86  0  0.86  0 //
33280 63.0  1.02  1.02  1.8  0.83  0.0  0.83  0  0.83  0  0.83  0  0.83  0  0.83  0  0.83  0  0.83  0  0.83  0  0.83  0  0.83  0  0.83  0  0.83  0  0.83  0  0.83  0  0.83  0  0.83  0 //
34320 63.0  1.02  1.02  1.8  0.81  0.0  0.81  0  0.81  0  0.81  0  0.81  0  0.81  0  0.81  0  0.81  0  0.81  0  0.81  0  0.81  0  0.81  0  0.81  0  0.81  0  0.81  0  0.81  0  0.81  0 //
35360 63.0  1.02  1.02  1.8  0.79  0.0  0.79  0  0.79  0  0.79  0  0.79  0  0.79  0  0.79  0  0.79  0  0.79  0  0.79  0  0.79  0  0.79  0  0.79  0  0.79  0  0.79  0  0.79  0  0.79  0 //
36400 63.0  1.02  1.02  1.8  0.77  0.0  0.77  0  0.77  0  0.77  0  0.77  0  0.77  0  0.77  0  0.77  0  0.77  0  0.77  0  0.77  0  0.77  0  0.77  0  0.77  0  0.77  0  0.77  0  0.77  0 //
37440 63.0  1.02  1.02  1.8  0.75  0.0  0.75  0  0.75  0  0.75  0  0.75  0  0.75  0  0.75  0  0.75  0  0.75  0  0.75  0  0.75  0  0.75  0  0.75  0  0.75  0  0.75  0  0.75  0  0.75  0 //
38480 63.0  1.02  1.02  1.8  0.73  0.0  0.73  0  0.73  0  0.73  0  0.73  0  0.73  0  0.73  0  0.73  0  0.73  0  0.73  0  0.73  0  0.73  0  0.73  0  0.73  0  0.73  0  0.73  0  0.73  0 //
39520 63.0  1.02  1.02  1.8  0.71  0.0  0.71  0  0.71  0  0.71  0  0.71  0  0.71  0  0.71  0  0.71  0  0.71  0  0.71  0  0.71  0  0.71  0  0.71  0  0.71  0  0.71  0  0.71  0  0.71  0 //
40560 63.0  1.02  1.02  1.8  0.69  0.0  0.69  0  0.69  0  0.69  0  0.69  0  0.69  0  0.69  0  0.69  0  0.69  0  0.69  0  0.69  0  0.69  0  0.69  0  0.69  0  0.69  0  0.69  0  0.69  0 //
41600 63.0  1.02  1.02  1.8  0.67  0.0  0.67  0  0.67  0  0.67  0  0.67  0  0.67  0  0.67  0  0.67  0  0.67  0  0.67  0  0.67  0  0.67  0  0.67  0  0.67  0  0.67  0  0.67  0  0.67  0 //
42640 63.0  1.02  1.02  1.8  0.65  0.0  0.65  0  0.65  0  0.65  0  0.65  0  0.65  0  0.65  0  0.65  0  0.65  0  0.65  0  0.65  0  0.65  0  0.65  0  0.65  0  0.65  0  0.65  0  0.65  0 //
43680 63.0  1.02  1.02  1.8  0.63  0.0  0.63  0  0.63  0  0.63  0  0.63  0  0.63  0  0.63  0  0.63  0  0.63  0  0.63  0  0.63  0  0.63  0  0.63  0  0.63  0  0.63  0  0.63  0  0.63  0 //
44720 63.0  1.02  1.02  1.8  0.61  0.0  0.61  0  0.61  0  0.61  0  0.61  0  0.61  0  0.61  0  0.61  0  0.61  0  0.61  0  0.61  0  0.61  0  0.61  0  0.61  0  0.61  0  0.61  0  0.61  0 //
45760 63.0  1.02  1.02  1.8  0.58  0.0  0.58  0  0.58  0  0.58  0  0.58  0  0.58  0  0.58  0  0.58  0  0.58  0  0.58  0  0.58  0  0.58  0  0.58  0  0.58  0  0.58  0  0.58  0  0.58  0 //
46800 63.0  1.02  1.02  1.8  0.56  0.0  0.56  0  0.56  0  0.56  0  0.56  0  0.56  0  0.56  0  0.56  0  0.56  0  0.56  0  0.56  0  0.56  0  0.56  0  0.56  0  0.56  0  0.56  0  0.56  0 //
47840 63.0  1.02  1.02  1.8  0.54  0.0  0.54  0  0.54  0  0.54  0  0.54  0  0.54  0  0.54  0  0.54  0  0.54  0  0.54  0  0.54  0  0.54  0  0.54  0  0.54  0  0.54  0  0.54  0  0.54  0 //
48880 63.0  1.02  1.02  1.8  0.52  0.0  0.52  0  0.52  0  0.52  0  0.52  0  0.52  0  0.52  0  0.52  0  0.52  0  0.52  0  0.52  0  0.52  0  0.52  0  0.52  0  0.52  0  0.52  0  0.52  0 //
49920 63.0  1.02  1.02  1.8  0.50  0.0  0.50  0  0.50  0  0.50  0  0.50  0  0.50  0  0.50  0  0.50  0  0.50  0  0.50  0  0.50  0  0.50  0  0.50  0  0.50  0  0.50  0  0.50  0  0.50  0 //
50960 63.0  1.02  1.02  1.8  0.48  0.0  0.48  0  0.48  0  0.48  0  0.48  0  0.48  0  0.48  0  0.48  0  0.48  0  0.48  0  0.48  0  0.48  0  0.48  0  0.48  0  0.48  0  0.48  0  0.48  0 //
52000 63.0  1.02  1.02  1.8  0.46  0.0  0.46  0  0.46  0  0.46  0  0.46  0  0.46  0  0.46  0  0.46  0  0.46  0  0.46  0  0.46  0  0.46  0  0.46  0  0.46  0  0.46  0  0.46  0  0.46  0 //
53040 63.0  1.02  1.02  1.8  0.44  0.0  0.44  0  0.44  0  0.44  0  0.44  0  0.44  0  0.44  0  0.44  0  0.44  0  0.44  0  0.44  0  0.44  0  0.44  0  0.44  0  0.44  0  0.44  0  0.44  0 //
54080 63.0  1.02  1.02  1.8  0.42  0.0  0.42  0  0.42  0  0.42  0  0.42  0  0.42  0  0.42  0  0.42  0  0.42  0  0.42  0  0.42  0  0.42  0  0.42  0  0.42  0  0.42  0  0.42  0  0.42  0 //
55120 63.0  1.02  1.02  1.8  0.40  0.0  0.40  0  0.40  0  0.40  0  0.40  0  0.40  0  0.40  0  0.40  0  0.40  0  0.40  0  0.40  0  0.40  0  0.40  0  0.40  0  0.40  0  0.40  0  0.40  0 //
56160 63.0  1.02  1.02  1.8  0.38  0.0  0.38  0  0.38  0  0.38  0  0.38  0  0.38  0  0.38  0  0.38  0  0.38  0  0.38  0  0.38  0  0.38  0  0.38  0  0.38  0  0.38  0  0.38  0  0.38  0 //
57200 63.0  1.02  1.02  1.8  0.36  0.0  0.36  0  0.36  0  0.36  0  0.36  0  0.36  0  0.36  0  0.36  0  0.36  0  0.36  0  0.36  0  0.36  0  0.36  0  0.36  0  0.36  0  0.36  0  0.36  0 //
58240 63.0  1.02  1.02  1.8  0.34  0.0  0.34  0  0.34  0  0.34  0  0.34  0  0.34  0  0.34  0  0.34  0  0.34  0  0.34  0  0.34  0  0.34  0  0.34  0  0.34  0  0.34  0  0.34  0  0.34  0 //
59280 63.0  1.02  1.02  1.8  0.31  0.0  0.31  0  0.31  0  0.31  0  0.31  0  0.31  0  0.31  0  0.31  0  0.31  0  0.31  0  0.31  0  0.31  0  0.31  0  0.31  0  0.31  0  0.31  0  0.31  0 //
60320 63.0  1.02  1.02  1.8  0.29  0.0  0.29  0  0.29  0  0.29  0  0.29  0  0.29  0  0.29  0  0.29  0  0.29  0  0.29  0  0.29  0  0.29  0  0.29  0  0.29  0  0.29  0  0.29  0  0.29  0 //
61360 63.0  1.02  1.02  1.8  0.27  0.0  0.27  0  0.27  0  0.27  0  0.27  0  0.27  0  0.27  0  0.27  0  0.27  0  0.27  0  0.27  0  0.27  0  0.27  0  0.27  0  0.27  0  0.27  0  0.27  0 //
62400 63.0  1.02  1.02  1.8  0.25  0.0  0.25  0  0.25  0  0.25  0  0.25  0  0.25  0  0.25  0  0.25  0  0.25  0  0.25  0  0.25  0  0.25  0  0.25  0  0.25  0  0.25  0  0.25  0  0.25  0 //
63440 63.0  1.02  1.02  1.8  0.23  0.0  0.23  0  0.23  0  0.23  0  0.23  0  0.23  0  0.23  0  0.23  0  0.23  0  0.23  0  0.23  0  0.23  0  0.23  0  0.23  0  0.23  0  0.23  0  0.23  0 //
64480 63.0  1.02  1.02  1.8  0.21  0.0  0.21  0  0.21  0  0.21  0  0.21  0  0.21  0  0.21  0  0.21  0  0.21  0  0.21  0  0.21  0  0.21  0  0.21  0  0.21  0  0.21  0  0.21  0  0.21  0 //
65520 63.0  1.02  1.02  1.8  0.19  0.0  0.19  0  0.19  0  0.19  0  0.19  0  0.19  0  0.19  0  0.19  0  0.19  0  0.19  0  0.19  0  0.19  0  0.19  0  0.19  0  0.19  0  0.19  0  0.19  0 //
66560 63.0  1.02  1.02  1.8  0.17  0.0  0.17  0  0.17  0  0.17  0  0.17  0  0.17  0  0.17  0  0.17  0  0.17  0  0.17  0  0.17  0  0.17  0  0.17  0  0.17  0  0.17  0  0.17  0  0.17  0 //
67600 63.0  1.02  1.02  1.8  0.15  0.0  0.15  0  0.15  0  0.15  0  0.15  0  0.15  0  0.15  0  0.15  0  0.15  0  0.15  0  0.15  0  0.15  0  0.15  0  0.15  0  0.15  0  0.15  0  0.15  0 //
68640 63.0  1.02  1.02  1.8  0.13  0.0  0.13  0  0.13  0  0.13  0  0.13  0  0.13  0  0.13  0  0.13  0  0.13  0  0.13  0  0.13  0  0.13  0  0.13  0  0.13  0  0.13  0  0.13  0  0.13  0 //
69680 63.0  1.02  1.02  1.8  0.11  0.0  0.11  0  0.11  0  0.11  0  0.11  0  0.11  0  0.11  0  0.11  0  0.11  0  0.11  0  0.11  0  0.11  0  0.11  0  0.11  0  0.11  0  0.11  0  0.11  0 //
70720 63.0  1.02  1.02  1.8  0.09  0.0  0.09  0  0.09  0  0.09  0  0.09  0  0.09  0  0.09  0  0.09  0  0.09  0  0.09  0  0.09  0  0.09  0  0.09  0  0.09  0  0.09  0  0.09  0  0.09  0 //
71760 63.0  1.02  1.02  1.8  0.06  0.0  0.06  0  0.06  0  0.06  0  0.06  0  0.06  0  0.06  0  0.06  0  0.06  0  0.06  0  0.06  0  0.06  0  0.06  0  0.06  0  0.06  0  0.06  0  0.06  0 //
72800 63.0  1.02  1.02  1.8  0.04  0.0  0.04  0  0.04  0  0.04  0  0.04  0  0.04  0  0.04  0  0.04  0  0.04  0  0.04  0  0.04  0  0.04  0  0.04  0  0.04  0  0.04  0  0.04  0  0.04  0 //
73840 63.0  1.02  1.02  1.8  0.02  0.0  0.02  0  0.02  0  0.02  0  0.02  0  0.02  0  0.02  0  0.02  0  0.02  0  0.02  0  0.02  0  0.02  0  0.02  0  0.02  0  0.02  0  0.02  0  0.02  0 //
74880 63.0  1.02  1.02  1.8  0.00  0.0  0.00  0  0.00  0  0.00  0  0.00  0  0.00  0  0.00  0  0.00  0  0.00  0  0.00  0  0.00  0  0.00  0  0.00  0  0.00  0  0.00  0  0.00  0  0.00  0 //
75920 63.0  1.02  1.02  1.8  0.02  0.0  0.02  0  0.02  0  0.02  0  0.02  0  0.02  0  0.02  0  0.02  0  0.02  0  0.02  0  0.02  0  0.02  0  0.02  0  0.02  0  0.02  0  0.02  0  0.02  0 //
76960 63.0  1.02  1.02  1.8  0.04  0.0  0.04  0  0.04  0  0.04  0  0.04  0  0.04  0  0.04  0  0.04  0  0.04  0  0.04  0  0.04  0  0.04  0  0.04  0  0.04  0  0.04  0  0.04  0  0.04  0 //
78000 63.0  1.02  1.02  1.8  0.06  0.0  0.06  0  0.06  0  0.06  0  0.06  0  0.06  0  0.06  0  0.06  0  0.06  0  0.06  0  0.06  0  0.06  0  0.06  0  0.06  0  0.06  0  0.06  0  0.06  0 //
79040 63.0  1.02  1.02  1.8  0.08  0.0  0.08  0  0.08  0  0.08  0  0.08  0  0.08  0  0.08  0  0.08  0  0.08  0  0.08  0  0.08  0  0.08  0  0.08  0  0.08  0  0.08  0  0.08  0  0.08  0 //
80080 63.0  1.02  1.02  1.8  0.10  0.0  0.10  0  0.10  0  0.10  0  0.10  0  0.10  0  0.10  0  0.10  0  0.10  0  0.10  0  0.10  0  0.10  0  0.10  0  0.10  0  0.10  0  0.10  0  0.10  0 //
81120 63.0  1.02  1.02  1.8  0.12  0.0  0.12  0  0.12  0  0.12  0  0.12  0  0.12  0  0.12  0  0.12  0  0.12  0  0.12  0  0.12  0  0.12  0  0.12  0  0.12  0  0.12  0  0.12  0  0.12  0 //
82160 63.0  1.02  1.02  1.8  0.14  0.0  0.14  0  0.14  0  0.14  0  0.14  0  0.14  0  0.14  0  0.14  0  0.14  0  0.14  0  0.14  0  0.14  0  0.14  0  0.14  0  0.14  0  0.14  0  0.14  0 //
83200 63.0  1.02  1.02  1.8  0.16  0.0  0.16  0  0.16  0  0.16  0  0.16  0  0.16  0  0.16  0  0.16  0  0.16  0  0.16  0  0.16  0  0.16  0  0.16  0  0.16  0  0.16  0  0.16  0  0.16  0 //
84240 63.0  1.02  1.02  1.8  0.18  0.0  0.18  0  0.18  0  0.18  0  0.18  0  0.18  0  0.18  0  0.18  0  0.18  0  0.18  0  0.18  0  0.18  0  0.18  0  0.18  0  0.18  0  0.18  0  0.18  0 //
85280 63.0  1.02  1.02  1.8  0.21  0.0  0.21  0  0.21  0  0.21  0  0.21  0  0.21  0  0.21  0  0.21  0  0.21  0  0.21  0  0.21  0  0.21  0  0.21  0  0.21  0  0.21  0  0.21  0  0.21  0 //
86320 63.0  1.02  1.02  1.8  0.23  0.0  0.23  0  0.23  0  0.23  0  0.23  0  0.23  0  0.23  0  0.23  0  0.23  0  0.23  0  0.23  0  0.23  0  0.23  0  0.23  0  0.23  0  0.23  0  0.23  0 //
87360 63.0  1.02  1.02  1.8  0.25  0.0  0.25  0  0.25  0  0.25  0  0.25  0  0.25  0  0.25  0  0.25  0  0.25  0  0.25  0  0.25  0  0.25  0  0.25  0  0.25  0  0.25  0  0.25  0  0.25  0 //
88400 63.0  1.02  1.02  1.8  0.27  0.0  0.27  0  0.27  0  0.27  0  0.27  0  0.27  0  0.27  0  0.27  0  0.27  0  0.27  0  0.27  0  0.27  0  0.27  0  0.27  0  0.27  0  0.27  0  0.27  0 //
89440 63.0  1.02  1.02  1.8  0.29  0.0  0.29  0  0.29  0  0.29  0  0.29  0  0.29  0  0.29  0  0.29  0  0.29  0  0.29  0  0.29  0  0.29  0  0.29  0  0.29  0  0.29  0  0.29  0  0.29  0 //
90480 63.0  1.02  1.02  1.8  0.31  0.0  0.31  0  0.31  0  0.31  0  0.31  0  0.31  0  0.31  0  0.31  0  0.31  0  0.31  0  0.31  0  0.31  0  0.31  0  0.31  0  0.31  0  0.31  0  0.31  0 //
91520 63.0  1.02  1.02  1.8  0.33  0.0  0.33  0  0.33  0  0.33  0  0.33  0  0.33  0  0.33  0  0.33  0  0.33  0  0.33  0  0.33  0  0.33  0  0.33  0  0.33  0  0.33  0  0.33  0  0.33  0 //
92560 63.0  1.02  1.02  1.8  0.35  0.0  0.35  0  0.35  0  0.35  0  0.35  0  0.35  0  0.35  0  0.35  0  0.35  0  0.35  0  0.35  0  0.35  0  0.35  0  0.35  0  0.35  0  0.35  0  0.35  0 //
93600 63.0  1.02  1.02  1.8  0.37  0.0  0.37  0  0.37  0  0.37  0  0.37  0  0.37  0  0.37  0  0.37  0  0.37  0  0.37  0  0.37  0  0.37  0  0.37  0  0.37  0  0.37  0  0.37  0  0.37  0 //
94640 63.0  1.02  1.02  1.8  0.39  0.0  0.39  0  0.39  0  0.39  0  0.39  0  0.39  0  0.39  0  0.39  0  0.39  0  0.39  0  0.39  0  0.39  0  0.39  0  0.39  0  0.39  0  0.39  0  0.39  0 //
95680 63.0  1.02  1.02  1.8  0.41  0.0  0.41  0  0.41  0  0.41  0  0.41  0  0.41  0  0.41  0  0.41  0  0.41  0  0.41  0  0.41  0  0.41  0  0.41  0  0.41  0  0.41  0  0.41  0  0.41  0 //
96720 63.0  1.02  1.02  1.8  0.43  0.0  0.43  0  0.43  0  0.43  0  0.43  0  0.43  0  0.43  0  0.43  0  0.43  0  0.43  0  0.43  0  0.43  0  0.43  0  0.43  0  0.43  0  0.43  0  0.43  0 //
97760 63.0  1.02  1.02  1.8  0.46  0.0  0.46  0  0.46  0  0.46  0  0.46  0  0.46  0  0.46  0  0.46  0  0.46  0  0.46  0  0.46  0  0.46  0  0.46  0  0.46  0  0.46  0  0.46  0  0.46  0 //
98800 63.0  1.02  1.02  1.8  0.48  0.0  0.48  0  0.48  0  0.48  0  0.48  0  0.48  0  0.48  0  0.48  0  0.48  0  0.48  0  0.48  0  0.48  0  0.48  0  0.48  0  0.48  0  0.48  0  0.48  0 //
